0 6.02721
0.05 6.25645
0.1 6.5614
0.15 6.73451
0.2 6.67317
0.25 6.4974
0.3 6.42513
0.35 6.57455
0.4 6.87567
0.45 7.11277
0.5 7.11745
0.55 6.96456
0.6 6.88899
0.65 7.03733
0.7 7.33423
0.75 7.53859
0.8 7.49519
0.85 7.33638
0.9 7.32003
0.95 7.54132
1 7.8349
1.05 7.93768
1.1 7.81847
1.15 7.72857
1.2 7.87273
1.25 8.16749
1.3 8.32599
1.35 8.23138
1.4 8.1178
1.45 8.23764
1.5 8.53312
1.55 8.69958
1.6 8.61062
1.65 8.52336
1.7 8.68382
1.75 8.97345
1.8 9.06538
1.85 8.93752
1.9 8.92026
1.95 9.16505
2 9.41016
2.05 9.38362
2.1 9.27993
2.15 9.41981
2.2 9.70702
2.25 9.77741
2.3 9.65275
2.35 9.71075
2.4 9.99763
2.45 10.1389
2.5 10.0326
2.55 10.0584
2.6 10.3347
2.65 10.4853
2.7 10.3777
2.75 10.4099
2.8 10.6936
2.85 10.8226
2.9 10.7172
2.95 10.8046
3 11.0909
3.05 11.1387
3.1 11.0431
3.15 11.2247
3.2 11.4774
3.25 11.429
3.3 11.4225
3.35 11.6969
3.4 11.8125
3.45 11.7135
3.5 11.8777
3.55 12.1307
3.6 12.0747
3.65 12.11
3.7 12.3964
3.75 12.4309
3.8 12.38
3.85 12.6414
3.9 12.771
3.95 12.6909
4 12.907
4.05 13.0896
4.1 13.0014
4.15 13.1857
4.2 13.3994
4.25 13.319
4.3 13.4953
4.35 13.7058
4.4 13.6233
4.45 13.8182
4.5 14.0084
4.55 13.9347
4.6 14.1693
4.65 14.2989
4.7 14.2488
4.75 14.5287
4.8 14.5746
4.85 14.6009
4.9 14.8854
4.95 14.8375
5 14.9914
5.05 15.1961
5.1 15.1381
5.15 15.4137
5.2 15.4467
5.25 15.5182
5.3 15.7766
5.35 15.7142
5.4 15.9768
5.45 16.0245
5.5 16.1065
5.55 16.3497
5.6 16.2991
5.65 16.5903
5.7 16.573
5.75 16.76
5.8 16.8932
5.85 16.9359
5.9 17.1946
5.95 17.1503
6 17.4525
6.05 17.4114
6.1 17.676
6.15 17.6924
6.2 17.8871
6.25 17.9863
6.3 18.1111
6.35 18.2764
6.4 18.349
6.45 18.5649
6.5 18.6081
6.55 18.8468
6.6 18.8782
6.65 19.1269
6.7 19.1661
6.75 19.4014
6.8 19.4663
6.85 19.6728
6.9 19.7892
6.95 19.9355
7 20.13
