0 1.82056
0.05 2.64349
0.1 3.18877
0.15 3.40939
0.2 3.36927
0.25 3.12901
0.3 2.7736
0.35 2.40912
0.4 2.05672
0.45 1.68033
0.5 1.45332
0.55 1.53529
0.6 1.83313
0.65 2.16297
0.7 2.30527
0.75 1.97568
0.8 0.65046
0.85 0.318893
0.9 -0.103381
0.95 -0.497374
1 -0.755853
1.05 -0.822674
1.1 -0.682869
1.15 -0.409267
1.2 -0.166438
1.25 -0.199399
1.3 -1.11357
1.35 3.55802
1.4 2.97431
1.45 2.61736
1.5 2.3227
1.55 2.2579
1.6 2.45236
1.65 2.80303
1.7 3.13873
1.75 3.2677
1.8 3.04642
1.85 2.01468
1.9 5.87233
1.95 5.5648
2 5.47875
2.05 5.6854
2.1 6.05563
2.15 6.43896
2.2 6.65437
2.25 6.63042
2.3 6.42766
2.35 6.47938
2.4 4.35363
2.45 1.71227
2.5 -11.7615
2.55 -12.0517
2.6 -11.7946
2.65 -11.737
2.7 -11.9426
2.75 -12.2425
2.8 -12.3039
2.85 -11.5411
2.9 -19.2616
2.95 -18.431
3 -18.1518
3.05 -18.1661
3.1 -18.4174
3.15 -18.6174
3.2 -18.2826
3.25 -4.58484
3.3 -7.99079
3.35 1.61148
3.4 4.50726
3.45 -49.2368
3.5 -53.1809
3.55 -54.306
3.6 -53.7503
3.65 -53.3454
3.7 -53.1085
3.75 -53.1614
3.8 -53.2172
3.85 -55.6486
3.9 -57.353
3.95 -56.6517
4 -56.2679
4.05 -56.1621
4.1 -56.2376
4.15 -55.342
4.2 -63.2581
4.25 -62.9425
4.3 -62.5624
4.35 -62.4346
4.4 -62.4762
4.45 -61.1079
4.5 -57.6483
4.55 -61.2946
4.6 -130.259
4.65 -127.478
4.7 -132.591
4.75 -132.418
4.8 -132.404
4.85 -132.137
4.9 -132.257
4.95 -137.684
5 -139.046
5.05 -138.917
5.1 -138.604
5.15 -138.501
5.2 -139.529
5.25 -125.292
5.3 -126.069
5.35 -125.898
5.4 -125.864
5.45 -128.14
5.5 -129.148
5.55 -129.346
5.6 -129.3
5.65 -130.044
5.7 -159.405
5.75 -161.546
5.8 -159.989
5.85 -159.786
5.9 -159.541
5.95 -159.029
6 -156.923
6.05 -156.941
6.1 -156.725
6.15 -156.386
6.2 -159.009
6.25 -164.29
6.3 -158.1
6.35 -156.855
6.4 -157.122
6.45 -156.968
6.5 -156.992
6.55 -156.706
6.6 -156.794
6.65 -155.07
6.7 -152.805
6.75 -153.364
6.8 -153.694
6.85 -153.284
6.9 -155.4
6.95 -153.032
7 -154.182
