0 0.271935
0.05 3.51324
0.1 6.12085
0.15 7.39745
0.2 6.85041
0.25 4.62207
0.3 1.37839
0.35 -2.13495
0.4 -5.207
0.45 -7.04112
0.5 -6.94649
0.55 -4.88222
0.6 -1.53227
0.65 2.19761
0.7 5.41251
0.75 7.15275
0.8 6.69035
0.85 4.15156
0.9 0.436046
0.95 -3.38929
1 -6.24698
1.05 -7.07132
1.1 -5.41508
1.15 -1.92844
1.2 2.17209
1.25 5.61178
1.3 7.10853
1.35 5.90475
1.4 2.50222
1.45 -1.75715
1.5 -5.40333
1.55 -6.97897
1.6 -5.63315
1.65 -1.96265
1.7 2.47829
1.75 5.97601
1.8 6.92557
1.85 4.73194
1.9 0.481051
1.95 -3.96015
2 -6.65876
2.05 -6.13459
2.1 -2.59088
2.15 2.17073
2.2 5.94676
2.25 6.73409
2.3 3.9603
2.35 -0.815254
2.4 -5.17635
2.45 -6.77256
2.5 -4.50166
2.55 0.283467
2.6 4.9374
2.65 6.8001
2.7 4.54602
2.75 -0.392053
2.8 -5.09239
2.85 -6.6645
2.9 -3.89505
2.95 1.35464
3 5.78422
3.05 6.38857
3.1 2.60269
3.15 -2.89866
3.2 -6.44093
3.25 -5.32418
3.3 -0.323598
3.35 4.92753
3.4 6.57104
3.45 3.14733
3.5 -2.63134
3.55 -6.40683
3.6 -4.99804
3.65 0.478804
3.7 5.60035
3.75 6.07299
3.8 1.34492
3.85 -4.49064
3.9 -6.43681
3.95 -2.54097
4 3.62842
4.05 6.55934
4.1 3.29841
4.15 -3.02173
4.2 -6.48749
4.25 -3.5071
4.3 2.93911
4.35 6.51321
4.4 3.35625
4.45 -3.22558
4.5 -6.4528
4.55 -2.65633
4.6 4.01302
4.65 6.33343
4.7 1.49203
4.75 -4.99489
4.8 -5.71987
4.85 0.337124
4.9 6.02861
4.95 4.42101
5 -2.5732
5.05 -6.3983
5.1 -2.0302
5.15 4.9347
5.2 5.52655
5.25 -1.19308
5.3 -6.32028
5.35 -2.75456
5.4 4.6076
5.45 5.57315
5.5 -1.39611
5.55 -6.35996
5.6 -1.91289
5.65 5.37461
5.7 4.58666
5.75 -3.18385
5.8 -6.039
5.85 0.699989
5.9 6.36598
5.95 1.67236
6 -5.71853
6.05 -3.52006
6.1 4.6395
6.15 4.88466
6.2 -3.34964
6.25 -5.68266
6.3 2.22979
6.35 6.15616
6.4 -1.29504
6.45 -6.32019
6.5 0.745984
6.55 6.42116
6.6 -0.492678
6.65 -6.41064
6.7 0.673898
6.75 6.42628
6.8 -1.18029
6.85 -6.2923
6.9 2.12356
6.95 5.99334
7 -3.33058
