0 6.662
0.05 6.56891
0.1 5.07226
0.15 2.32113
0.2 -1.09633
0.25 -4.23059
0.3 -6.28276
0.35 -6.87385
0.4 -5.88534
0.45 -3.39503
0.5 0.0806202
0.55 3.51207
0.6 5.87824
0.65 6.62659
0.7 5.57949
0.75 2.86043
0.8 -0.840169
0.85 -4.28021
0.9 -6.36177
0.95 -6.56201
1 -4.7784
1.05 -1.38123
1.1 2.51173
1.15 5.45303
1.2 6.50141
1.25 5.34149
1.3 2.19893
1.35 -1.86487
1.4 -5.19857
1.45 -6.58013
1.5 -5.56137
1.55 -2.35997
1.6 1.8493
1.65 5.21614
1.7 6.3904
1.75 4.92545
1.8 1.2453
1.85 -3.06672
1.9 -5.96486
1.95 -6.24094
2 -3.71659
2.05 0.626941
2.1 4.6189
2.15 6.29789
2.2 4.90698
2.25 0.943934
2.3 -3.57916
2.35 -6.19688
2.4 -5.63062
2.45 -2.03979
2.5 2.71817
2.55 5.85445
2.6 5.67772
2.65 2.17689
2.7 -2.7229
2.75 -5.95815
2.8 -5.65654
2.85 -1.87908
2.9 3.11767
2.95 6.01801
3 5.02809
3.05 0.621583
3.1 -4.26846
3.15 -6.23164
3.2 -3.96661
3.25 1.15424
3.3 5.37291
3.35 5.64795
3.4 1.69101
3.45 -3.64479
3.5 -6.16856
3.55 -3.99202
3.6 1.3906
3.65 5.57472
3.7 5.19464
3.75 0.424382
3.8 -4.7646
3.85 -5.89346
3.9 -1.95646
3.95 3.73567
4 5.98072
4.05 2.7693
4.1 -3.13498
4.15 -6.07396
4.2 -3.30474
4.25 2.71332
4.3 5.95638
4.35 3.23955
4.4 -2.89997
4.45 -6.03487
4.5 -2.93941
4.55 3.31773
4.6 5.89178
4.65 1.98832
4.7 -4.24041
4.75 -5.68733
4.8 -0.660052
4.85 5.1121
4.9 4.79246
4.95 -1.37949
5 -5.88566
5.05 -3.20393
5.1 3.52489
5.15 5.66548
5.2 0.437199
5.25 -5.43311
5.3 -4.13561
5.35 2.76454
5.4 5.77126
5.45 0.711832
5.5 -5.43036
5.55 -3.85879
5.6 3.33607
5.65 5.50737
5.7 -0.625103
5.75 -5.85013
5.8 -2.1482
5.85 4.91105
5.9 4.11306
5.95 -3.41972
6 -5.37874
6.05 1.52763
6.1 5.77659
6.15 0.138041
6.2 -5.80505
6.25 -1.65088
6.3 5.4216
6.35 2.65511
6.4 -5.08825
6.45 -3.42862
6.5 4.68738
6.55 3.74957
6.6 -4.5807
6.65 -3.91894
6.7 4.56155
6.75 3.69034
6.8 -4.8925
6.85 -3.28717
6.9 5.27413
6.95 2.39451
7 -5.82963
