0 0.959533
0.05 0.600797
0.1 0.287525
0.15 0.0606708
0.2 -0.187064
0.25 -0.514817
0.3 -0.839359
0.35 -1.01239
0.4 -0.942733
0.45 -0.631662
0.5 -0.245019
0.55 0.0112982
0.6 -0.00403582
0.65 -0.291607
0.7 -0.738229
0.75 -1.21543
0.8 -1.11976
0.85 -0.836515
0.9 -0.470218
0.95 -0.219692
1 -0.148868
1.05 -0.138035
1.1 -0.00562135
1.15 0.310523
1.2 0.716713
1.25 1.17257
1.3 1.67527
1.35 1.4183
1.4 0.997244
1.45 0.684651
1.5 0.590559
1.55 0.584417
1.6 0.431281
1.65 0.061898
1.7 -0.372645
1.75 -0.780174
1.8 -1.2643
1.85 -1.66988
1.9 -1.25137
1.95 -1.03669
2 -0.950247
2.05 -0.735062
2.1 -0.312252
2.15 0.136197
2.2 0.480644
2.25 0.825758
2.3 1.27486
2.35 1.75903
2.4 1.34117
2.45 1.60494
2.5 2.1149
2.55 2.54568
2.6 2.74382
2.65 2.8471
2.7 3.13552
2.75 3.63519
2.8 4.21762
2.85 4.78326
2.9 5.19629
2.95 5.66235
3 5.90146
3.05 6.13159
3.1 6.57847
3.15 7.15799
3.2 7.81504
3.25 8.00639
3.3 7.91248
3.35 7.64252
3.4 7.84388
3.45 8.01127
3.5 7.403
3.55 7.27621
3.6 6.7918
3.65 6.18892
3.7 5.6789
3.75 5.14987
3.8 4.55469
3.85 5.12344
3.9 5.33451
3.95 5.95263
4 6.52246
4.05 7.005
4.1 7.57339
4.15 7.94937
4.2 8.42529
4.25 9.06781
4.3 9.67911
4.35 10.185
4.4 10.7651
4.45 10.8191
4.5 10.8496
4.55 11.0057
4.6 10.724
4.65 10.859
4.7 11.4734
4.75 12.0071
4.8 12.5349
4.85 13.255
4.9 14.0557
4.95 14.5747
5 14.9949
5.05 15.3795
5.1 16.047
5.15 16.8556
5.2 17.3291
5.25 18.0737
5.3 18.6742
5.35 19.4064
5.4 20.2352
5.45 19.7771
5.5 19.042
5.55 18.5046
5.6 17.8328
5.65 17.308
5.7 16.9075
5.75 16.8575
5.8 15.9661
5.85 15.2129
5.9 14.745
5.95 14.5054
6 15.4119
6.05 16.2985
6.1 17.0465
6.15 17.5705
6.2 17.0995
6.25 17.4117
6.3 17.9801
6.35 18.8023
6.4 19.7162
6.45 20.6739
6.5 21.5974
6.55 22.3573
6.6 23.2698
6.65 23.1533
6.7 22.7773
6.75 22.1371
6.8 21.1784
6.85 20.2062
6.9 19.9932
6.95 19.6141
7 18.6775
