0 0.182535
0.05 -0.126368
0.1 -0.418931
0.15 -0.711852
0.2 -1.05309
0.25 -1.52829
0.3 -5.76177
0.35 -5.92375
0.4 -6.1186
0.45 -6.43794
0.5 -6.83684
0.55 -7.25615
0.6 -7.81189
0.65 -16.208
0.7 -15.6912
0.75 -15.2038
0.8 -15.2486
0.85 -15.3402
0.9 -15.4039
0.95 -15.4364
1 -15.4794
1.05 -15.5311
1.1 -15.5683
1.15 -15.6343
1.2 -15.8071
1.25 -16.1648
1.3 -16.7558
1.35 -16.5485
1.4 -16.2623
1.45 -16.1092
1.5 -15.9712
1.55 -15.8521
1.6 -15.7951
1.65 -15.746
1.7 -15.6207
1.75 -15.3798
1.8 -14.9701
1.85 -14.2874
1.9 -15.6247
1.95 -15.7778
2 -15.8861
2.05 -15.8968
2.1 -15.8749
2.15 -15.9095
2.2 -16.0127
2.25 -16.1702
2.3 -16.3115
2.35 -16.1479
2.4 -16.7657
2.45 -15.8405
2.5 -15.3183
2.55 -15.064
2.6 -14.8346
2.65 -14.5901
2.7 -14.3191
2.75 -13.3009
2.8 -13.8192
2.85 -15.8521
2.9 -15.8886
2.95 -15.7283
3 -15.5936
3.05 -15.4889
3.1 -15.373
3.15 -15.0869
3.2 -14.3739
3.25 -12.1016
3.3 -11.4662
3.35 -12.777
3.4 -12.2541
3.45 -12.696
3.5 -12.4324
3.55 -12.7102
3.6 -12.6777
3.65 -12.6642
3.7 -12.7499
3.75 -12.8957
3.8 -12.8421
3.85 -13.5017
3.9 -13.1028
3.95 -13.174
4 -13.1794
4.05 -13.1097
4.1 -13.1587
4.15 -13.9661
4.2 -14.0741
4.25 -15.6717
4.3 -15.6337
4.35 -15.6689
4.4 -15.589
4.45 -14.9261
4.5 -15.5992
4.55 -14.8943
4.6 -13.8358
4.65 -11.7555
4.7 -11.0475
4.75 -8.97639
4.8 -9.04826
4.85 -9.21478
4.9 -9.7408
4.95 -9.53391
5 -9.99419
5.05 -10.2726
5.1 -10.5475
5.15 -11.5722
5.2 -10.0716
5.25 -9.64862
5.3 -9.66949
5.35 -9.71945
5.4 -10.1219
5.45 -10.4814
5.5 -10.065
5.55 -9.8806
5.6 -9.5434
5.65 -8.66543
5.7 -9.28122
5.75 -8.4993
5.8 -9.31074
5.85 -9.63807
5.9 -9.93849
5.95 -10.8177
6 -8.45317
6.05 -7.93106
6.1 -6.76628
6.15 -7.193
6.2 -5.73314
6.25 -5.08905
6.3 -2.83183
6.35 -2.9329
6.4 -2.90631
6.45 -2.47669
6.5 -2.41986
6.55 -2.35936
6.6 -1.95064
6.65 0.0163293
6.7 0.869972
6.75 1.26823
6.8 2.25045
6.85 0.90145
6.9 -0.702384
6.95 0.0831856
7 0.00156516
